start=23.424000
volume=80.000000
fullscreen=yes
aid=1
sub-scale=0.400000
